1 0 TEXTAREA 2,SCRIPT 3,SPAN 4,DIV 5,TEXTAREA 6,TEXTAREA 7,TEXTAREA 8,TEXTAREA 9,SPAN 10,SCRIPT 17
2 1
3 1
4 1 DIV 18,IFRAME 19
5 1
6 1
7 1
8 1
9 1
10 1 DIV 20,CENTER 21





17 1
18 4
19 4
20 10 DIV 26
21 10 SPAN 27,SPAN 28





26 20 DIV 32,DIV 33,DIV 34,DIV 35
27 21 CENTER 36
28 21 CENTER 37



32 26 NOBR 39
33 26 NOBR 40
34 26
35 26
36 27 SPAN 41,BR 42,DIV 43,FORM 44,DIV 45,DIV 46
37 28 DIV 47

39 32 B 50,A 51,A 52,A 53,A 54,A 55,A 56,A 57,DIV 58
40 33 SPAN 59,SPAN 60,SPAN 61,A 62,A 63
41 36 STYLE 64,DIV 65,SCRIPT 66
42 36
43 36 IMG 67,BR 68,BR 69
44 36 TABLE 70,INPUT 71,INPUT 72,INPUT 73,INPUT 74,INPUT 75
45 36 BR 76,DIV 77
46 36
47 37 DIV 78,P 79
50 39
51 39
52 39
53 39
54 39
55 39
56 39
57 39 U 82,SMALL 83
58 39 A 84,A 85,A 86,A 87,A 88,A 89,DIV 90,A 91,A 92,A 93,A 94,A 95,A 96,A 97,DI
V 98,A 99
59 40
60 40
61 40 A 100
62 40
63 40
64 41
65 41 TABLE 101
66 41
67 43
68 43
69 43
70 44 TBODY 102
71 44
72 44
73 44
74 44
75 44
76 45
77 45 P 103,BR 104
78 47 A 105,A 106,A 107
79 47 FONT 108
82 57
83 57
84 58
85 58
86 58
87 58
88 58
89 58
90 58 DIV 109
91 58
92 58
93 58
94 58
95 58
96 58
97 58
98 58 DIV 110
99 58
100 61
101 65 TBODY 111
102 70 TR 112
103 77 IMG 113
104 77
105 78
106 78
107 78
108 79 A 114,SCRIPT 115,P 116,DIV 117,SCRIPT 118,SCRIPT 119,DIV 120,DIV 121,DIV
122,SCRIPT 123
109 90
110 98
111 101 TR 124,TR 125,TR 126
112 102 TD 127,TD 128,TD 129
113 103
114 108
115 108
116 108 A 130
117 108 DIV 131
118 108
119 108
120 108 A 132
121 108 SCRIPT 133,SCRIPT 134
122 108 SCRIPT 135
123 108
124 111 TD 136
125 111 TD 137,TD 138
126 111 TD 139
127 112
128 112 INPUT 140,INPUT 141,DIV 142,BR 143,SPAN 144,SPAN 145
129 112 A 146,A 147
130 116
131 117 TABLE 148
132 120
133 121
134 121
135 122
136 124 IMG 149
137 125 IMG 150
138 125 B 151
139 126 DIV 152
140 128
141 128
142 128 INPUT 153
143 128
144 128 SPAN 154
145 128 SPAN 155
146 129
147 129
148 131
149 136
150 137
151 138
152 139 DIV 156
153 142
154 144 INPUT 157
155 145 INPUT 158
156 152 DIV 159
157 154
158 155
159 156 A 160
160 159 B 161
161 160